Collezione per Acusticator
1. ([1000.0, 0.01, 0, 0.5], kind=1, adsr=[0, 0, 100, 0])
	Piccolo suono per conferme
2.  ([880.0, 0.1, 0, 0.5], kind=1, adsr=[5, 5, 80, 10])
	Simile ma un po più lungo
3. ([880.0, 0.08, -0.8, 0.5, "p", 0.04, 0, 0, 880.0, 0.08, 0.8, 0.5], kind=1, adsr=[2, 5, 90, 3])
	Da l'effetto di qualcosa che scorre velocemente a destra
4. ([440.0, 0.3, 0, 0.5, 880.0, 0.3, 0, 0.5], kind=1, adsr=[10, 0, 100, 20])
	Segnale di qualcosa che si apre
5. ([880.0, 0.2, 0, 0.5, 440.0, 0.2, 0, 0.5], kind=1, adsr=[25, 0, 50, 25])
	Qualcosa che si chiude
6. ([454, 0.5, -0.5, 0.3, "p", 0.1, 0, 0, 390, 0.5, 0.5, 0.3], kind=2, adsr=[1, 0, 100, 25])
	Allarme o apertura
7. ([500.0, 0.4, -1, 0.5, 800.0, 0.4, 1, 0.5], kind=3, adsr=[20, 10, 50, 20])
	Senso di inizio
8. ([1000.0, 0.15, 0, 0.5, 1000.0, 0.15, 0, 0.5], kind=4, adsr=[0, 0, 100, 2])
	forte
9. (["c4", 0.15, 0, 0.5, "d4", 0.15, 0, 0.5, "e4", 0.15, 0, 0.5, "f4", 0.15, 0, 0.5, "g4", 0.15, 0, 0.5, "a4", 0.15, 0, 0.5, "b4", 0.15, 0, 0.5, "c5", 0.15, 0, 0.5], kind=1, adsr=[10, 5, 80, 5])
	inizio programma
10. (["a3", 0.2, -0.5, 0.5, "b3", 0.2, -0.3, 0.5, "c4", 0.2, -0.1, 0.5, "d4", 0.2, 0.1, 0.5, "e4", 0.2, 0.3, 0.5, "f4", 0.2, 0.5, 0.5, "g#4", 0.2, 0.7, 0.5, "a4", 0.2, 0.9, 0.5], kind=1, adsr=[5, 2, 90, 3])
	più lenta di 9
11. (["c4", 0.1, -1, 0.5, "e4", 0.1, -0.3, 0.5, "g4", 0.1, 0.3, 0.5, "c5", 0.1, 1, 0.5], kind=1, adsr=[2, 8, 80, 10])
11A. (["c5", 0.1, 1, 0.5, "g4", 0.1, 0.3, 0.5, "e4", 0.1, -0.3, 0.5, "c4", 0.1, -1, 0.5], kind=1, adsr=[2, 8, 80, 10])
	scalette carine
12. (["c5", 0.15, 0, 0.5, "a4", 0.15, 0, 0.5, "f4", 0.15, 0, 0.5, "d4", 0.15, 0, 0.5], kind=1, adsr=[15, 0, 90, 5])
	scaletta discendente
13. ([2000.0, 0.2, -0.5, 0.5, 1000.0, 0.1, 0.5, 0.5], kind=4, adsr=[0, 0, 100, 50])
	eliminare o cadere o scartare
14. ([100.0, 0.4, 0, 0.5], kind=2, adsr=[0, 0, 100, 99])
	bong
15. ([150.0, 0.1, -0.8, 0.5, 150.0, 0.1, 0.8, 0.5], kind=2, adsr=[0, 0, 100, 5])
	basso veloce
16. ([900.0, 0.1, 0, 0.5, 440.0, 0.3, 0, 0.5], kind=1, adsr=[1, 0, 80, 19])
	qualcosa si chiude soft
17. ([110.0, 1.0, 0, 0.5], kind=2, adsr=[0, 0, 100, 0])
	errore molto cattivo
18. (["a4", 0.05, -0.5, 0.5, "c5", 0.05, 0.5, 0.5], kind=1, adsr=[0, 0, 100, 2])
	tipo notifica carino
19. ([1200.0, 0.12, 0, 0.5, "p", 0.04, 0, 0, 1800.0, 0.12, 0, 0.5], kind=4, adsr=[5, 2, 90, 3])
	notifica sgraziata
20. (["c5", 0.3, 0, 0.5, "g4", 0.3, 0, 0.5], kind=1, adsr=[30, 20, 80, 20])
	tipo non si può
21. (["c4", 0.1, 0, 0.5, "c4", 0.1, 0, 0.5, "g4", 0.1, 0, 0.5, "g4", 0.1, 0, 0.5, "a4", 0.1, 0, 0.5, "a4", 0.1, 0, 0.5, "g4", 0.2, 0, 0.5, "f4", 0.1, 0, 0.5, "f4", 0.1, 0, 0.5, "e4", 0.1, 0, 0.5, "e4", 0.1, 0, 0.5, "d4", 0.1, 0, 0.5, "d4", 0.1, 0, 0.5, "c4", 0.2, 0, 0.5], kind=1, adsr=[2, 2, 95, 1])
	musichina
22. (["a3", 0.3, -1, 0.5, "c4", 0.3, -0.5, 0.5, "d#4", 0.3, 0.5, 0.5, "f4", 0.3, 1, 0.5], kind=3, adsr=[20, 5, 70, 25])
	scala ascendente a 4 toni
23. ([880.0, 0.1, 0, 0.5], kind=1, adsr=[0, 0, 100, 0])
	beep di scelta
24. ([220.0, 0.3, 0, 0.5], kind=2, adsr=[0, 0, 100, 10])
	errore abbastanza aggressivo
25. ([660.0, 0.08, -0.5, 0.5, 880.0, 0.08, 0.5, 0.5], kind=1, adsr=[0, 0, 100, 2])
	notifica ascendente
26. ([440.0, 0.15, 0, 0.5, 660.0, 0.15, 0, 0.5, 880.0, 0.15, 0, 0.5], kind=1, adsr=[5, 5, 90, 0])
	tritono ascendente
27. (["c5", 0.05, 0, 0.5, "e5", 0.05, 0, 0.5, "g5", 0.05, 0, 0.5], kind=1, adsr=[0, 0, 100, 5])
	tritono veloce di conferma
28. ([440.0, 0.1, 0, 0.5, 880.0, 0.15, 0, 0.5], kind=2, adsr=[10, 0, 100, 0])
29. (["c5", 0.1, -0.5, 0.5, "e5", 0.1, 0, 0.5, "g5", 0.1, 0.5, 0.5, "c6", 0.2, 0, 0.5], kind=1, adsr=[2, 8, 90, 0])
	senso di conclusione
30. ([300.0, 0.2, -1, 0.5, 250.0, 0.2, 1, 0.5], kind=3, adsr=[0, 0, 70, 30])
	bitono discendente
31. ([200.0, 1.5, 0, 0.5], kind=4, adsr=[25, 0, 50, 25])
32. ([150.0, 0.8, 0, 0.5], kind=2, adsr=[20, 0, 100, 80])
33. (["g4", 0.15, -0.5, 0.5, "g4", 0.15, 0.5, 0.5, "a4", 0.15, -0.5, 0.5, "g4", 0.15, 0.5, 0.5, "p", 0.15, 0, 0, "b4", 0.15, -0.5, 0.5, "c5", 0.3, 0.5, 0.5], kind=1, adsr=[5, 0, 100, 5])
	jingle carino
34. (["c4", 0.2, -1, 0.5, "g4", 0.2, -0.3, 0.5, "c5", 0.2, 0.3, 0.5, "e5", 0.2, 1, 0.5, "g5", 0.4, 0, 0.5], kind=1, adsr=[10, 5, 80, 5])
	scaletta ascendente
35. ([100.0, 0.05, 0, 0.5, 100.0, 0.05, 0, 0.5, 100.0, 0.05, 0, 0.5, 100.0, 0.1, 0, 0.5], kind=2, adsr=[0, 0, 100, 5])
36. ([1000.0, 0.05, -1, 0.5, "p", 0.05, 0, 0, 900.0, 0.05, 1, 0.5], kind=1, adsr=[0, 0, 100, 0])
	bitono discendente
37. ([2000.0, 0.5, 0, 0.5], kind=1, adsr=[5, 0, 5, 90])
	alto fischio tipo negazione
38. ([300.0, 0.4, 0, 0.5, 1500.0, 0.3, 0, 0.5, 600.0, 0.6, 0, 0.5], kind=3, adsr=[20, 10, 50, 20])
39. ([800.0, 0.5, -1, 0.5, "p", 0.2, 0, 0, 700.0, 0.5, 1, 0.5, "p", 0.2, 0, 0, 600.0, 0.5, -1, 0.5], kind=1, adsr=[10, 5, 80, 5])
	tritono lento discendente
40. (["c5", 0.1, -0.7, 0.5, "e5", 0.1, -0.3, 0.5, "g5", 0.1, 0.3, 0.5, "c6", 0.1, 0.7, 0.5], kind=1, adsr=[2, 2, 90, 6])
41. (["c6", 0.1, 0.7, 0.5, "g5", 0.1, 0.3, 0.5, "e5", 0.1, -0.3, 0.5, "c5", 0.1, -0.7, 0.5], kind=1, adsr=[2, 2, 90, 6])
	pausa disattiva
42. ([1500.0, 0.1, -0.5, 0.5, "p", 0.05, 0, 0, 800.0, 0.1, 0.5, 0.5], kind=1, adsr=[0, 0, 100, 2])
43. ([440.0, 0.12, 0, 0.5, 880.0, 0.18, 0, 0.5], kind=1, adsr=[10, 0, 80, 20])
44. (["c4", 0.2, 0, 0.5, "g3", 0.2, 0, 0.5, "c3", 0.4, 0, 0.5], kind=2, adsr=[0, 10, 80, 10])
45. (["c5", 0.1, 0, 0.5, "e5", 0.1, 0, 0.5, "g5", 0.1, 0, 0.5, "c6", 0.3, 0, 0.5, "g5", 0.1, 0, 0.5, "e5", 0.1, 0, 0.5, "c5", 0.1, 0, 0.5], kind=1, adsr=[5, 5, 90, 10])
	su giù
46. (["e4", 0.2, -0.5, 0.5, "d4", 0.2, 0, 0.5, "c4", 0.2, 0.5, 0.5], kind=1, adsr=[10, 0, 90, 10])
	tritono discendente
47. (["a4", 0.15, 0, 0.5, "c5", 0.15, 0, 0.5, "e5", 0.15, 0, 0.5, "a5", 0.3, 0, 0.5], kind=1, adsr=[5, 15, 80, 0])
48. ([80.0, 5, 0, 0.5], kind=3, adsr=[30, 10, 50, 10])
49. (["c4", 0.15, 0, 0.5, "e4", 0.15, 0, 0.5, "g4", 0.15, 0, 0.5, "c5", 0.45, 0, 0.5], kind=1, adsr=[5, 5, 90, 10])
50. (["g5", 0.2, -0.5, 0.5, "e5", 0.2, 0.5, 0.5, "c5", 0.2, 0, 0.5, "g4", 0.4, 0, 0.5], kind=2, adsr=[2, 2, 80, 16])
51. (["c5", 0.1, 0, 0.5, "f5", 0.1, 0, 0.5, "g5", 0.2, 0, 0.5], kind=4, adsr=[10,0,100,5])
	stile trombetta